0.000000000000306162 -5000.000000000000000000
21.816546423732916082 -4999.952403603672792087
43.632677491869479525 -4999.809615320856210019
65.447977856722872048 -4999.571637870035374362
87.262032186417997082 -4999.238475781956367427
109.074425172805788975 -4998.810135399545288237
130.884741539365705876 -4998.286624877786380239
152.692566049114105908 -4997.667954183564688719
174.497483512505397130 -4996.954135095478704898
196.299078795343348247 -4996.145181203614811238
218.096936826680064314 -4995.241107909288984956
239.890642606719524110 -4994.241932424753031228
261.679781214719810123 -4993.147673772868984088
283.463937816888005727 -4991.958352786743489560
305.242697674284556797 -4990.673992109334903944
327.015646150715213025 -4989.294616193017645855
348.782368720627289349 -4987.820251299121082411
370.542450976996690315 -4986.250925497428397648
392.295478639224995732 -4984.586668665639990650
414.041037561021710189 -4982.827512488806860347
435.778713738290605306 -4980.973490458727610530
457.508093317012537682 -4979.024637873309075076
479.228762601120308773 -4976.980991835894201358
500.940308060381596533 -4974.842591254558101355
522.642316338267164610 -4972.609476841366813460
544.334374259823562170 -4970.281691111597865529
566.016068839534113977 -4967.859278382937191054
587.686987289188550676 -4965.342284774631480104
609.346717025737348195 -4962.730758206609607441
630.994845679149648277 -4960.024748398574956809
652.630961100258559782 -4957.224306869052270486
674.254651368615441243 -4954.329486934410851973
695.865504800327357771 -4951.340343707851388899
717.463109955896470638 -4948.256934098350939166
739.047055648053856203 -4945.079316809584270231
760.616930949584002519 -4941.807552338803361636
782.172325201154649221 -4938.441702975688713195
803.712828019130483881 -4934.981832801159725932
825.238029303387975233 -4931.428007686156888667
846.747519245123612563 -4927.780295290388494323
868.240888334652026970 -4924.038765061040066939
889.717727369208887467 -4920.203488231454684865
911.177627460737198817 -4916.274537819773286174
932.620180043673826731 -4912.251988627548598743
954.044976882724540701 -4908.135917238319962053
975.451610080641557943 -4903.926402016151769203
996.839672085985966987 -4899.623523104148262064
1018.208755700888332285 -4895.227362422919213714
1039.558454088797361692 -4890.738003669028330478
1060.888360782231757184 -4886.155532313394360244
1082.198069690514557806 -4881.480035599666734925
1103.487175107505436245 -4876.711602542563014140
1124.755271719325719459 -4871.850323926176315581
1146.001954612071358497 -4866.896292302242727601
1167.226819279527262552 -4861.849601988382346462
1188.429461630865489497 -4856.710349066307571775
1209.609477998338434190 -4851.478631379982289218
1230.766465144965877698 -4846.154548533771958319
1251.900020272207484595 -4840.738201890539130545
1273.009741027638028754 -4835.229694569715320540
1294.095225512603747120 -4829.629131445341954532
1315.156072289873691261 -4823.936619144064934517
1336.191880391284712459 -4818.152266043114650529
1357.202249325371667510 -4812.276182268235970696
1378.186779084995805533 -4806.308479691594584438
1399.145070154960876607 -4800.249271929643327894
1420.076723519613778990 -4794.098674340964862495
1440.981340670447025332 -4787.856804024072516768
1461.858523613683928488 -4781.523779815177476848
1482.707874877854692386 -4775.099722285933239618
1503.528997521366136425 -4768.584753741133681615
1524.321495140054366857 -4761.978998216392028553
1545.084971874737220787 -4755.282581475767983648
1565.819032418747610791 -4748.495631009384851495
1586.523282025460503064 -4741.618276030996639747
1607.197326515808526892 -4734.650647475527875940
1627.840772285783714324 -4727.592877996583411004
1648.453226313936511360 -4720.445101963920933485
1669.034296168854552889 -4713.207455460892560950
1689.583590016634389031 -4705.880076281852780085
1710.100716628344116543 -4698.463103929541830439
1730.585285387465091844 -4690.956679612420884951
1751.036906297337054639 -4683.360946241988131078
1771.455189988580059435 -4675.676048430058472150
1791.839747726501855141 -4667.902132486008667911
1812.190191418508447896 -4660.039346413992461748
1832.506133621486469565 -4652.087839910122966103
1852.787187549180998758 -4644.047764359621396579
1873.032967079560876300 -4635.919272833936702227
1893.243086762165148684 -4627.702520087831544515
1913.417161825449284152 -4619.397662556433715508
1933.554808184102967061 -4611.004858352259361709
1953.655642446368574383 -4602.524267262201647100
1973.719281921336687446 -4593.956050744491221849
1993.745344626231371876 -4585.300371925620311231
2013.733449293686135206 -4576.557395597235881723
2033.683215379001921974 -4567.727288213004612771
2053.594263067385782051 -4558.810217885442398256
2073.466213281195905438 -4549.806354382715653628
2093.298687687140500202 -4540.715869125406243256
2113.091308703497361421 -4531.538935183250032424
2132.843699507292512862 -4522.275727271839059540
2152.555484041476120183 -4512.926421749302789976
2172.226287022085671197 -4503.491196612939347688
2191.855733945386873529 -4493.970231495834923408
2211.443451095006366813 -4484.363707663442255580
2230.989065549044880754 -4474.671808010124550492
2250.492205187175386527 -4464.894717055684850493
2269.952498697733972222 -4455.032620941839013540
2289.369575584783888189 -4445.085707428682326281
2308.743066175169133203 -4435.054165891108823416
2328.072601625557581428 -4424.938187315208779182
2347.357813929454096069 -4414.737964294634366524
2366.598335924217280990 -4404.453691026928026986
2385.793801298043035786 -4394.085563309826284240
2404.943844596938106406 -4383.633778537539001263
2424.048101231685905077 -4373.098535696978615306
2443.106207484775040939 -4362.480035363985734875
2462.117800517335581389 -4351.778479699498348054
2481.082518376041662123 -4340.994072445711026376
2499.999999999999545253 -4330.127018922193201433
2518.869885227632039459 -4319.177526021978337667
2537.691814803521083377 -4308.145802207628548786
2556.465430385260788171 -4297.032057507263743901
2575.190374550271826593 -4285.836503510560760333
2593.866290802607636579 -4274.559353364732487535
2612.492823579744708695 -4263.200821770460606785
2631.069618259349226719 -4251.761124977813778969
2649.596321166024608829 -4240.240480782129452564
2668.072579578058594052 -4228.639108519865658309
2686.498041734119397006 -4216.957229064428247511
2704.872356839969597786 -4205.195064821961750567
2723.195175075135921361 -4193.352839727119317104
2741.466147599569467275 -4181.430779238797185826
2759.684926560291387432 -4169.429110335840960033
2777.851165098011279042 -4157.348061512725507782
2795.964517353735118377 -4145.187862775208486710
2814.024638475343181199 -4132.948745635942941590
2832.031184624164325214 -4120.630943110078078462
2849.983812981515711726 -4108.234689710818202002
2867.882181755230703857 -4095.760221444958460779
2885.725950186168574874 -4083.207775808394217165
2903.514778554698750668 -4070.577591781595401699
2921.248328187172774051 -4057.869909825060858566
2938.926261462366255728 -4045.084971874736766040
2956.548241817912185070 -4032.223021337412319554
2974.113933756706956046 -4019.284303086086310941
2991.623002853295474779 -4006.269063455303239607
3009.075115760241715179 -3993.177550236463957845
3026.469940214472444495 -3980.010012673110395554
3043.807145043603668455 -3966.766701456175269414
3061.086400172246612783 -3953.447868719216330646
3078.307376628291876841 -3940.053768033609685517
3095.469746549170395156 -3926.584654403724016447
3112.573183188098028040 -3913.040784262068882526
3129.617360920296050608 -3899.422415464408459229
3146.601955249187540176 -3885.729807284853905003
3163.526642812580575992 -3871.963220410927988269
3180.391101388819606655 -3858.122916938600155845
3197.195009902924539347 -3844.209160367297499761
3213.938048432696632517 -3830.222215594890258217
3230.619898214819841087 -3816.162348912644119991
3247.240241650918960659 -3802.029828000154793699
3263.798762313612769503 -3787.824921920247561502
3280.295144952537157224 -3773.547901113859552424
3296.729075500344606553 -3759.199037394887000119
3313.100241078688213747 -3744.778603945010218013
3329.408330004171602923 -3730.286875308497201331
3345.653031794291564438 -3715.724127386970849329
3361.834037173340675508 -3701.090637434160271368
3377.951038078301735368 -3686.386684050619805930
3394.003727664709003875 -3671.612547178427576000
3409.991800312493069214 -3656.768508095852212136
3425.914951631796157017 -3641.854849412001385645
3441.772878468770159088 -3626.871855061437599943
3457.565278911346922541 -3611.819810298777611024
3473.291852294986711058 -3596.699001693255468126
3488.952299208401200303 -3581.509717123270547745
3504.546321499254645460 -3566.252245770907848055
3520.073622279842311400 -3550.926878116426451015
3535.533905932737980038 -3535.533905932737525291
3550.926878116427360510 -3520.073622279841401905
3566.252245770907848055 -3504.546321499254645460
3581.509717123271457240 -3488.952299208401200303
3596.699001693255922874 -3473.291852294986256311
3611.819810298778065771 -3457.565278911346922541
3626.871855061438509438 -3441.772878468769704341
3641.854849412001385645 -3425.914951631795702269
3656.768508095852666884 -3409.991800312492159719
3671.612547178427576000 -3394.003727664708549128
3686.386684050620260678 -3377.951038078300825873
3701.090637434160726116 -3361.834037173340220761
3715.724127386971304077 -3345.653031794290654943
3730.286875308497656079 -3329.408330004171148175
3744.778603945010218013 -3313.100241078687304253
3759.199037394887000119 -3296.729075500344151806
3773.547901113860007172 -3280.295144952536247729
3787.824921920248016249 -3263.798762313612314756
3802.029828000155248446 -3247.240241650918505911
3816.162348912644574739 -3230.619898214818931592
3830.222215594890712964 -3213.938048432696177770
3844.209160367297954508 -3197.195009902923175105
3858.122916938600155845 -3180.391101388819606655
3871.963220410927988269 -3163.526642812580121245
3885.729807284854359750 -3146.601955249187085428
3899.422415464409368724 -3129.617360920295595861
3913.040784262069792021 -3112.573183188097573293
3926.584654403724925942 -3095.469746549169940408
3940.053768033610140264 -3078.307376628290967346
3953.447868719217240141 -3061.086400172246612783
3966.766701456175724161 -3043.807145043602758960
3980.010012673110395554 -3026.469940214471989748
3993.177550236463957845 -3009.075115760241260432
4006.269063455303239607 -2991.623002853295474779
4019.284303086086765688 -2974.113933756706501299
4032.223021337413229048 -2956.548241817911730323
4045.084971874737220787 -2938.926261462365800980
4057.869909825061313313 -2921.248328187171864556
4070.577591781596311193 -2903.514778554698750668
4083.207775808395126660 -2885.725950186167665379
4095.760221444958915527 -2867.882181755230249109
4108.234689710818202002 -2849.983812981515256979
4120.630943110078078462 -2832.031184624164325214
4132.948745635942941590 -2814.024638475342726451
4145.187862775208486710 -2795.964517353733754135
4157.348061512726417277 -2777.851165098010824295
4169.429110335840960033 -2759.684926560290932684
4181.430779238798095321 -2741.466147599569012527
4193.352839727120226598 -2723.195175075135011866
4205.195064821962660062 -2704.872356839969597786
4216.957229064428247511 -2686.498041734119397006
4228.639108519865658309 -2668.072579578058139305
4240.240480782130362059 -2649.596321166024608829
4251.761124977814688464 -2631.069618259347407729
4263.200821770461516280 -2612.492823579743799201
4274.559353364733397029 -2593.866290802607181831
4285.836503510561669827 -2575.190374550270007603
4297.032057507263743901 -2556.465430385260333424
4308.145802207629458280 -2537.691814803520628629
4319.177526021978337667 -2518.869885227631584712
4330.127018922193201433 -2500.000000000000000000
4340.994072445711935870 -2481.082518376040297881
4351.778479699498348054 -2462.117800517335126642
4362.480035363985734875 -2443.106207484774586192
4373.098535696978615306 -2424.048101231685450330
4383.633778537539001263 -2404.943844596937651659
4394.085563309827193734 -2385.793801298041671544
4404.453691026928026986 -2366.598335924216826243
4414.737964294635276019 -2347.357813929454096069
4424.938187315209688677 -2328.072601625557126681
4435.054165891108823416 -2308.743066175169133203
4445.085707428682326281 -2289.369575584783433442
4455.032620941839923034 -2269.952498697733972222
4464.894717055684850493 -2250.492205187174931780
4474.671808010125459987 -2230.989065549043516512
4484.363707663442255580 -2211.443451095005912066
4493.970231495834923408 -2191.855733945386873529
4503.491196612939347688 -2172.226287022085216449
4512.926421749302789976 -2152.555484041476120183
4522.275727271839969035 -2132.843699507291148620
4531.538935183250032424 -2113.091308703496906674
4540.715869125407152751 -2093.298687687140500202
4549.806354382715653628 -2073.466213281195450691
4558.810217885442398256 -2053.594263067385782051
4567.727288213004612771 -2033.683215379000785106
4576.557395597235881723 -2013.733449293685907833
4585.300371925620311231 -1993.745344626230917129
4593.956050744491221849 -1973.719281921336460073
4602.524267262201647100 -1953.655642446368347009
4611.004858352259361709 -1933.554808184102739688
4619.397662556433715508 -1913.417161825448829404
4627.702520087831544515 -1893.243086762164921311
4635.919272833936702227 -1873.032967079559512058
4644.047764359621396579 -1852.787187549180771384
4652.087839910122966103 -1832.506133621486242191
4660.039346413992461748 -1812.190191418508220522
4667.902132486008667911 -1791.839747726501627767
4675.676048430058472150 -1771.455189988578695193
4683.360946241988131078 -1751.036906297336827265
4690.956679612420884951 -1730.585285387464864471
4698.463103929541830439 -1710.100716628343889170
4705.880076281852780085 -1689.583590016634161657
4713.207455460892560950 -1669.034296168854325515
4720.445101963920933485 -1648.453226313936283987
4727.592877996584320499 -1627.840772285783486950
4734.650647475528785435 -1607.197326515808299519
4741.618276030996639747 -1586.523282025460275690
4748.495631009384851495 -1565.819032418747383417
4755.282581475767983648 -1545.084971874736993414
4761.978998216392028553 -1524.321495140054139483
4768.584753741134591110 -1503.528997521364999557
4775.099722285933239618 -1482.707874877854465012
4781.523779815177476848 -1461.858523613683473741
4787.856804024072516768 -1440.981340670446570584
4794.098674340964862495 -1420.076723519613551616
4800.249271929643327894 -1399.145070154959967113
4806.308479691594584438 -1378.186779084995578160
4812.276182268235970696 -1357.202249325371212763
4818.152266043114650529 -1336.191880391284485086
4823.936619144064934517 -1315.156072289873463887
4829.629131445341954532 -1294.095225512603519746
4835.229694569716230035 -1273.009741027637801380
4840.738201890539130545 -1251.900020272207257221
4846.154548533771958319 -1230.766465144965650325
4851.478631379982289218 -1209.609477998338206817
4856.710349066307571775 -1188.429461630865262123
4861.849601988382346462 -1167.226819279527035178
4866.896292302242727601 -1146.001954612071131123
4871.850323926176315581 -1124.755271719324355217
4876.711602542563923635 -1103.487175107505208871
4881.480035599666734925 -1082.198069690514330432
4886.155532313394360244 -1060.888360782231529811
4890.738003669028330478 -1039.558454088796906944
4895.227362422919213714 -1018.208755700886854356
4899.623523104148262064 -996.839672085985625927
4903.926402016151769203 -975.451610080641216882
4908.135917238319962053 -954.044976882724313327
4912.251988627548598743 -932.620180043672576176
4916.274537819773286174 -911.177627460736971443
4920.203488231454684865 -889.717727369208660093
4924.038765061040066939 -868.240888334651799596
4927.780295290388494323 -846.747519245123385190
4931.428007686156888667 -825.238029303387747859
4934.981832801159725932 -803.712828019130256507
4938.441702975688713195 -782.172325201154308161
4941.807552338803361636 -760.616930949583775146
4945.079316809584270231 -739.047055648052491961
4948.256934098350939166 -717.463109955896129577
4951.340343707851388899 -695.865504800327016710
4954.329486934410851973 -674.254651368615100182
4957.224306869052270486 -652.630961100258332408
4960.024748398574956809 -630.994845679148284034
4962.730758206610516936 -609.346717025737120821
4965.342284774631480104 -587.686987289188209616
4967.859278382937191054 -566.016068839533772916
4970.281691111597865529 -544.334374259822197928
4972.609476841366813460 -522.642316338266937237
4974.842591254558101355 -500.940308060381312316
4976.980991835894201358 -479.228762601120024556
4979.024637873309075076 -457.508093317012253465
4980.973490458727610530 -435.778713738290321089
4982.827512488806860347 -414.041037561021425972
4984.586668665639990650 -392.295478639224711515
1971.912037346082342992 -145.583391483000212929
1953.938009920845615852 -135.775973895873192987
1926.387868779885820913 -125.884818393221138422
1909.755919448369922975 -116.706165349541734599
1886.397911071972657737 -108.061285288082331135
1901.054311473885036321 -98.419700046843132668
1879.297285570715530412 -89.234813887612588701
1877.321405666371674670 -81.966819456211197803
1861.633424450899610747 -73.413782935057710688
1861.859783694607358484 -64.793978653172118243
1857.147463321459554209 -56.794002328921877165
1843.263823618277001515 -48.873947329261199002
1847.639319284141492972 -40.680022318161995543
1861.050541924801336791 -32.459077765756703116
1847.264963948833155882 -24.160787323625346090
1857.981107605798570148 -16.158233271593800850
1853.920839401834200544 -8.103025512238039241
1863.493322358175646514 0.000000000000000000
1863.077877511953374778 8.042093310823334562
1852.581033439759721659 16.188626127485662209
1844.800204385761844605 24.172455428603569771
1843.424082658878432994 32.389639567317018987
1851.701027145781608851 40.708169371890306820
1857.383170109624188626 48.790582367852600498
1876.949714871862852306 57.113036609622533035
1852.688120067306954297 65.395135395980418025
1887.544741086608837577 73.946082481418130783
1883.933172646854018240 81.454408830558904242
1883.244063512494676615 90.657039979450161127
1882.233997701265479918 98.551360885702891323
1898.527388518011321139 107.841999075627583693
1917.861558993856078814 116.321821377413300524
1912.523426567316619185 124.701311217384670726
1933.680436826061168176 135.795166286173014214
1972.169147175702619279 145.215126299699221590
4984.586668665639990650 392.295478639224711515
4982.827512488806860347 414.041037561021425972
4980.973490458727610530 435.778713738291457958
4979.024637873309075076 457.508093317012253465
4976.980991835894201358 479.228762601120024556
4974.842591254558101355 500.940308060381312316
4972.609476841366813460 522.642316338268074105
4970.281691111597865529 544.334374259823334796
4967.859278382937191054 566.016068839533772916
4965.342284774631480104 587.686987289188209616
4962.730758206610516936 609.346717025737120821
4960.024748398574956809 630.994845679149307216
4957.224306869052270486 652.630961100258332408
4954.329486934410851973 674.254651368615100182
4951.340343707851388899 695.865504800327016710
4948.256934098350939166 717.463109955897266445
4945.079316809584270231 739.047055648053515142
4941.807552338803361636 760.616930949583775146
4938.441702975688713195 782.172325201154308161
4934.981832801159725932 803.712828019130256507
4931.428007686156888667 825.238029303388771041
4927.780295290388494323 846.747519245123385190
4924.038765061040066939 868.240888334651799596
4920.203488231454684865 889.717727369208660093
4916.274537819772376679 911.177627460737880938
4912.251988627548598743 932.620180043673599357
4908.135917238319962053 954.044976882724313327
4903.926402016151769203 975.451610080641216882
4899.623523104148262064 996.839672085985625927
4895.227362422919213714 1018.208755700887991225
4890.738003669028330478 1039.558454088796906944
4886.155532313394360244 1060.888360782231529811
4881.480035599666734925 1082.198069690514330432
4876.711602542563014140 1103.487175107506118366
4871.850323926176315581 1124.755271719325492086
4866.896292302242727601 1146.001954612071131123
4861.849601988382346462 1167.226819279527035178
4856.710349066307571775 1188.429461630865262123
4851.478631379982289218 1209.609477998339116311
4846.154548533771958319 1230.766465144965650325
4840.738201890539130545 1251.900020272207257221
4835.229694569716230035 1273.009741027637801380
4829.629131445341045037 1294.095225512604429241
4823.936619144064934517 1315.156072289874373382
4818.152266043114650529 1336.191880391284485086
4812.276182268235970696 1357.202249325371212763
4806.308479691594584438 1378.186779084995578160
4800.249271929643327894 1399.145070154960649234
4794.098674340964862495 1420.076723519613551616
4787.856804024072516768 1440.981340670446570584
4781.523779815177476848 1461.858523613683473741
4775.099722285933239618 1482.707874877855601881
4768.584753741134591110 1503.528997521366136425
4761.978998216392028553 1524.321495140054139483
4755.282581475767983648 1545.084971874736993414
4748.495631009384851495 1565.819032418747383417
4741.618276030996639747 1586.523282025461185185
4734.650647475528785435 1607.197326515808299519
4727.592877996584320499 1627.840772285783486950
4720.445101963920933485 1648.453226313936283987
4713.207455460891651455 1669.034296168855235010
4705.880076281852780085 1689.583590016635298525
4698.463103929541830439 1710.100716628343889170
4690.956679612420884951 1730.585285387464864471
4683.360946241988131078 1751.036906297336827265
4675.676048430058472150 1771.455189988579604687
4667.902132486008667911 1791.839747726501627767
4660.039346413992461748 1812.190191418508220522
4652.087839910122966103 1832.506133621486242191
4644.047764359621396579 1852.787187549181680879
4635.919272833936702227 1873.032967079560648926
4627.702520087831544515 1893.243086762164921311
4619.397662556433715508 1913.417161825448829404
4611.004858352259361709 1933.554808184102739688
4602.524267262201647100 1953.655642446369483878
4593.956050744491221849 1973.719281921336460073
4585.300371925620311231 1993.745344626230917129
4576.557395597235881723 2013.733449293685907833
4567.727288213004612771 2033.683215379001694600
4558.810217885442398256 2053.594263067386691546
4549.806354382715653628 2073.466213281195450691
4540.715869125406243256 2093.298687687141409697
4531.538935183250032424 2113.091308703496906674
4522.275727271839059540 2132.843699507292058115
4512.926421749303699471 2152.555484041475210688
4503.491196612939347688 2172.226287022085216449
4493.970231495834923408 2191.855733945387783024
4484.363707663442255580 2211.443451095005912066
4474.671808010124550492 2230.989065549044426007
4464.894717055685759988 2250.492205187174022285
4455.032620941839923034 2269.952498697733972222
4445.085707428681416786 2289.369575584784342936
4435.054165891108823416 2308.743066175169133203
4424.938187315209688677 2328.072601625557126681
4414.737964294634366524 2347.357813929455005564
4404.453691026928026986 2366.598335924216826243
4394.085563309826284240 2385.793801298042581038
4383.633778537539001263 2404.943844596937651659
4373.098535696978615306 2424.048101231685450330
4362.480035363985734875 2443.106207484775495686
4351.778479699498348054 2462.117800517335126642
4340.994072445711026376 2481.082518376041662123
4330.127018922193201433 2499.999999999999090505
4319.177526021978337667 2518.869885227631584712
4308.145802207627639291 2537.691814803521538124
4297.032057507263743901 2556.465430385260333424
4285.836503510560760333 2575.190374550271371845
4274.559353364733397029 2593.866290802606727084
4263.200821770461516280 2612.492823579743799201
4251.761124977813778969 2631.069618259348317224
4240.240480782130362059 2649.596321166024608829
4228.639108519865658309 2668.072579578058139305
4216.957229064428247511 2686.498041734119851753
4205.195064821962660062 2704.872356839969597786
4193.352839727119317104 2723.195175075135921361
4181.430779238798095321 2741.466147599568103033
4169.429110335840960033 2759.684926560290932684
4157.348061512725507782 2777.851165098012188537
4145.187862775208486710 2795.964517353733754135
4132.948745635942941590 2814.024638475343181199
4120.630943110078987957 2832.031184624163415720
4108.234689710818202002 2849.983812981515256979
4095.760221444958460779 2867.882181755231158604
4083.207775808395126660 2885.725950186167665379
4070.577591781595401699 2903.514778554698750668
4057.869909825062222808 2921.248328187171409809
4045.084971874737220787 2938.926261462365800980
4032.223021337412319554 2956.548241817912185070
4019.284303086086765688 2974.113933756705591804
4006.269063455303239607 2991.623002853295474779
3993.177550236463503097 3009.075115760242624674
3980.010012673110395554 3026.469940214471989748
3966.766701456175269414 3043.807145043603668455
3953.447868719217694888 3061.086400172246158036
3940.053768033609685517 3078.307376628291422094
3926.584654403724016447 3095.469746549170849903
3913.040784262069792021 3112.573183188097573293
3899.422415464408459229 3129.617360920296050608
3885.729807284855269245 3146.601955249186175934
3871.963220410927988269 3163.526642812580121245
3858.122916938599246350 3180.391101388820516149
3844.209160367297954508 3197.195009902923175105
3830.222215594890258217 3213.938048432696632517
3816.162348912643210497 3230.619898214820295834
3802.029828000155248446 3247.240241650918505911
3787.824921920247561502 3263.798762313612769503
3773.547901113860007172 3280.295144952535792982
3759.199037394887000119 3296.729075500344606553
3744.778603945009763265 3313.100241078688213747
3730.286875308497656079 3329.408330004171148175
3715.724127386970849329 3345.653031794291564438
3701.090637434161180863 3361.834037173339766014
3686.386684050619805930 3377.951038078301280621
3671.612547178426666505 3394.003727664709458622
3656.768508095852666884 3409.991800312492159719
3641.854849412001385645 3425.914951631796157017
3626.871855061438509438 3441.772878468769704341
3611.819810298778065771 3457.565278911346922541
3596.699001693255468126 3473.291852294986711058
3581.509717123271911987 3488.952299208400290809
3566.252245770907848055 3504.546321499254645460
3550.926878116425996268 3520.073622279842311400
3535.533905932737980038 3535.533905932737525291
3520.073622279841401905 3550.926878116427360510
3504.546321499255100207 3566.252245770907393307
3488.952299208401200303 3581.509717123271457240
3473.291852294985801564 3596.699001693256377621
3457.565278911346922541 3611.819810298777611024
3441.772878468769704341 3626.871855061438509438
3425.914951631796611764 3641.854849412000476150
3409.991800312492159719 3656.768508095852212136
3394.003727664708549128 3671.612547178427576000
3377.951038078301735368 3686.386684050619805930
3361.834037173340220761 3701.090637434160726116
3345.653031794291564438 3715.724127386969939835
3329.408330004171602923 3730.286875308497201331
3313.100241078686849505 3744.778603945011582255
3296.729075500344606553 3759.199037394886545371
3280.295144952536247729 3773.547901113860007172
3263.798762313611860009 3787.824921920248470997
3247.240241650918960659 3802.029828000154793699
3230.619898214818931592 3816.162348912644574739
3213.938048432697542012 3830.222215594889348722
3197.195009902924084599 3844.209160367297954508
3180.391101388819151907 3858.122916938600610592
3163.526642812580575992 3871.963220410927988269
3146.601955249187085428 3885.729807284854359750
3129.617360920296050608 3899.422415464408459229
3112.573183188097573293 3913.040784262069792021
3095.469746549169485661 3926.584654403725380689
3078.307376628291876841 3940.053768033609685517
3061.086400172246612783 3953.447868719217240141
3043.807145043604577950 3966.766701456174814666
3026.469940214472444495 3980.010012673110395554
3009.075115760240805685 3993.177550236464867339
2991.623002853295929526 4006.269063455302784860
2974.113933756706501299 4019.284303086086765688
2956.548241817911275575 4032.223021337413229048
2938.926261462366255728 4045.084971874736766040
2921.248328187171864556 4057.869909825061313313
2903.514778554699205415 4070.577591781595401699
2885.725950186168120126 4083.207775808394671913
2867.882181755229794362 4095.760221444959370274
2849.983812981515711726 4108.234689710818202002
2832.031184624164325214 4120.630943110078078462
2814.024638475343635946 4132.948745635942941590
2795.964517353734663629 4145.187862775208486710
2777.851165098010824295 4157.348061512726417277
2759.684926560291387432 4169.429110335840960033
2741.466147599569012527 4181.430779238798095321
2723.195175075136376108 4193.352839727119317104
2704.872356839969597786 4205.195064821961750567
2686.498041734118942259 4216.957229064428247511
2668.072579578058594052 4228.639108519865658309
2649.596321166024608829 4240.240480782129452564
2631.069618259346952982 4251.761124977814688464
2612.492823579744708695 4263.200821770460606785
2593.866290802606727084 4274.559353364733397029
2575.190374550271826593 4285.836503510560760333
2556.465430385260788171 4297.032057507263743901
2537.691814803519719135 4308.145802207629458280
2518.869885227632039459 4319.177526021978337667
2499.999999999999545253 4330.127018922193201433
2481.082518376041662123 4340.994072445711026376
2462.117800517335581389 4351.778479699498348054
2443.106207484774131444 4362.480035363985734875
2424.048101231685905077 4373.098535696978615306
2404.943844596938106406 4383.633778537539001263
2385.793801298043035786 4394.085563309826284240
2366.598335924217280990 4404.453691026928026986
2347.357813929453186574 4414.737964294635276019
2328.072601625557581428 4424.938187315208779182
2308.743066175169133203 4435.054165891108823416
2289.369575584782978694 4445.085707428682326281
2269.952498697733972222 4455.032620941839013540
2250.492205187174477032 4464.894717055684850493
2230.989065549044880754 4474.671808010124550492
2211.443451095006366813 4484.363707663442255580
2191.855733945385964034 4493.970231495834923408
2172.226287022085671197 4503.491196612939347688
2152.555484041475210688 4512.926421749302789976
2132.843699507292512862 4522.275727271839059540
2113.091308703497361421 4531.538935183250032424
2093.298687687139590707 4540.715869125407152751
2073.466213281195905438 4549.806354382715653628
2053.594263067385782051 4558.810217885442398256
2033.683215379001921974 4567.727288213004612771
2013.733449293686135206 4576.557395597235881723
1993.745344626230462381 4585.300371925621220726
1973.719281921336687446 4593.956050744491221849
1953.655642446368574383 4602.524267262201647100
1933.554808184102057567 4611.004858352259361709
1913.417161825449284152 4619.397662556433715508
1893.243086762164466563 4627.702520087831544515
1873.032967079560876300 4635.919272833936702227
1852.787187549180998758 4644.047764359621396579
1832.506133621485332696 4652.087839910122966103
1812.190191418508447896 4660.039346413992461748
1791.839747726500718272 4667.902132486008667911
1771.455189988580059435 4675.676048430058472150
1751.036906297337054639 4683.360946241988131078
1730.585285387463954976 4690.956679612420884951
1710.100716628344116543 4698.463103929541830439
1689.583590016634389031 4705.880076281852780085
1669.034296168855689757 4713.207455460891651455
1648.453226313936511360 4720.445101963920933485
1627.840772285782577455 4727.592877996584320499
1607.197326515808526892 4734.650647475527875940
1586.523282025460503064 4741.618276030996639747
1565.819032418746473923 4748.495631009384851495
1545.084971874737220787 4755.282581475767983648
1524.321495140053457362 4761.978998216392028553
1503.528997521366136425 4768.584753741133681615
1482.707874877854692386 4775.099722285933239618
1461.858523613682791620 4781.523779815177476848
1440.981340670447025332 4787.856804024072516768
1420.076723519612642122 4794.098674340964862495
1399.145070154960876607 4800.249271929643327894
1378.186779084995805533 4806.308479691594584438
1357.202249325370530642 4812.276182268236880191
1336.191880391284712459 4818.152266043114650529
1315.156072289873691261 4823.936619144064934517
1294.095225512604883988 4829.629131445341045037
1273.009741027638028754 4835.229694569715320540
1251.900020272206347727 4840.738201890539130545
1230.766465144965877698 4846.154548533771958319
1209.609477998338434190 4851.478631379982289218
1188.429461630864352628 4856.710349066307571775
1167.226819279527262552 4861.849601988382346462
1146.001954612070221629 4866.896292302242727601
1124.755271719325719459 4871.850323926176315581
1103.487175107505436245 4876.711602542563014140
1082.198069690513420937 4881.480035599666734925
1060.888360782231757184 4886.155532313394360244
1039.558454088796224823 4890.738003669028330478
1018.208755700888332285 4895.227362422919213714
996.839672085985966987 4899.623523104148262064
975.451610080640534761 4903.926402016151769203
954.044976882724540701 4908.135917238319962053
932.620180043672917236 4912.251988627548598743
911.177627460738221998 4916.274537819772376679
889.717727369208887467 4920.203488231454684865
868.240888334651003788 4924.038765061040976434
846.747519245123612563 4927.780295290388494323
825.238029303387975233 4931.428007686156888667
803.712828019129460699 4934.981832801159725932
782.172325201154649221 4938.441702975688713195
760.616930949582865651 4941.807552338804271130
739.047055648053856203 4945.079316809584270231
717.463109955896470638 4948.256934098350939166
695.865504800326220902 4951.340343707851388899
674.254651368615441243 4954.329486934410851973
652.630961100257422913 4957.224306869052270486
630.994845679149648277 4960.024748398574956809
609.346717025737348195 4962.730758206609607441
587.686987289187413808 4965.342284774631480104
566.016068839534113977 4967.859278382937191054
544.334374259822538988 4970.281691111597865529
522.642316338268301479 4972.609476841366813460
500.940308060381596533 4974.842591254558101355
479.228762601119228748 4976.980991835894201358
457.508093317012537682 4979.024637873309075076
435.778713738290605306 4980.973490458727610530
414.041037561020630164 4982.827512488806860347
392.295478639224995732 4984.586668665639990650
370.542450976995553447 4986.250925497428397648
348.782368720627289349 4987.820251299121082411
327.015646150715213025 4989.294616193017645855
305.242697674283419929 4990.673992109334903944
283.463937816888005727 4991.958352786743489560
261.679781214718730098 4993.147673772868984088
239.890642606720660979 4994.241932424753031228
218.096936826680064314 4995.241107909288984956
196.299078795342239800 4996.145181203614811238
174.497483512505397130 4996.954135095478704898
152.692566049112969040 4997.667954183564688719
130.884741539366814322 4998.286624877786380239
109.074425172805788975 4998.810135399545288237
87.262032186416888635 4999.238475781956367427
65.447977856722872048 4999.571637870035374362
43.632677491869479525 4999.809615320856210019
21.816546423731804083 4999.952403603672792087
0.000000000000306162 5000.000000000000000000
